a_s = 2.161178136961587e-09
baryon_fraction = 0.1691842900302115
cs2_de = 1.0
h0 = 0.71
hubble = 71.0
k = -0.0
k_s = 0.05000000074505806
n_run = 0.0
n_s = 0.963
ombh2 = 0.022583679999999995
omch2 = 0.11090199999999997
omega_b = 0.0448
omega_c = 0.21999999999999997
omega_k = 0.0
omega_lambda = 0.7352000000000001
omega_m = 0.2648
omega_nu = 0.0
ommh2 = 0.13348567999999997
omnuh2 = 0.0
r_t = 0.0
sigma8_input = 0.801
sigma_8 = 0.801
tau = 0.0925
w = -1.0
wa = 0.0
yhe = 0.23999999463558197
